7
32 
0 10 
2 8 1 1 336 
2 8 7 2 376 
1 0 3 
1 5 0 
2 6 5 0 1 
1 8 6 
2 0 9 1 30 
1 4 1 
2 4 1 1 347 
1 3 3 
2 9 2 1 130 
1 7 0 
2 7 8 1 35 
1 3 8 
2 6 4 2 90 
2 2 1 1 189 
2 7 7 2 77 
1 0 3 
3 2 12 
1 0 9 
1 8 5 
3 4 5 
2 2 5 1 410 
1 3 4 
3 6 12 
3 7 13 
2 8 3 0 1 
1 1 8 
3 9 7 
2 9 6 2 118 
3 9 7 
49 
0 10 
2 2 6 2 39 
1 9 7 
1 2 7 
1 0 1 
2 3 0 0 1 
1 1 3 
1 8 6 
1 0 7 
1 6 8 
1 7 7 
1 1 4 
1 8 2 
1 4 2 
1 0 6 
1 1 9 
1 7 5 
1 9 3 
2 0 0 2 146 
1 6 0 
2 6 7 2 415 
3 0 14 
3 1 13 
3 2 5 
3 4 0 
2 2 4 0 1 
3 6 0 
1 7 0 
2 3 6 0 1 
1 3 5 
2 9 8 1 407 
2 8 3 0 1 
3 7 6 
3 8 6 
3 10 5 
1 0 6 
2 2 6 1 131 
2 8 6 2 310 
1 5 9 
3 11 3 
1 9 4 
1 9 4 
1 7 7 
1 3 0 
2 2 8 2 225 
1 2 2 
1 9 7 
2 9 8 1 172 
3 11 8 
33 
0 18 
1 2 2 
1 16 6 
2 0 7 0 1 
2 6 6 1 201 
1 7 13 
2 1 1 2 124 
2 7 8 0 1 
1 2 13 
1 13 17 
1 7 11 
1 7 11 
1 16 9 
2 9 7 2 351 
1 14 8 
1 4 12 
2 2 15 0 1 
2 9 15 2 496 
1 2 9 
3 0 10 
1 4 7 
2 14 4 0 1 
1 5 3 
1 13 5 
2 9 6 0 1 
2 5 2 0 1 
1 16 7 
3 0 14 
2 1 16 1 380 
1 10 6 
1 1 0 
2 16 1 1 228 
3 0 13 
33 
0 30 
1 9 9 
2 5 2 0 1 
2 4 2 2 208 
2 21 1 1 407 
1 12 28 
2 0 22 2 4 
1 17 10 
2 22 23 1 23 
2 29 23 1 195 
1 4 1 
1 18 21 
1 20 28 
2 29 21 2 73 
2 22 2 2 159 
1 14 7 
1 20 11 
1 20 29 
2 4 20 0 1 
3 1 8 
3 1 8 
3 3 6 
2 16 28 0 1 
3 5 10 
1 10 12 
2 2 25 0 1 
1 6 27 
3 6 8 
2 3 26 0 1 
1 20 3 
3 7 13 
1 15 3 
3 8 16 
100 
0 31 
2 21 25 2 255 
2 6 8 0 1 
1 9 30 
1 27 15 
2 28 8 1 225 
1 8 23 
2 17 0 0 1 
1 15 12 
1 6 20 
2 30 23 2 295 
1 20 4 
2 17 10 2 61 
1 4 7 
2 23 8 1 171 
1 28 17 
2 16 11 0 1 
1 1 10 
1 24 14 
1 19 7 
3 2 5 
1 4 5 
3 3 5 
3 4 7 
3 6 4 
2 8 8 0 1 
1 10 8 
1 23 30 
1 20 25 
3 7 4 
2 19 25 0 1 
3 8 6 
3 9 7 
1 17 23 
3 9 8 
1 21 14 
2 6 10 2 480 
3 10 1 
1 8 12 
3 12 3 
3 12 3 
1 12 21 
2 22 17 2 267 
3 12 4 
2 9 2 1 280 
1 29 22 
1 18 1 
1 3 26 
3 13 7 
2 24 14 2 488 
2 1 30 1 405 
1 1 20 
1 19 4 
2 23 14 1 302 
2 23 17 2 25 
1 25 26 
1 11 15 
3 13 9 
3 13 9 
2 26 29 2 186 
3 15 7 
2 12 22 2 391 
1 19 16 
3 17 7 
2 28 24 1 96 
1 5 21 
1 15 5 
2 1 10 1 89 
1 7 26 
3 17 10 
2 13 5 2 3 
2 27 9 1 461 
3 17 8 
2 8 21 1 84 
1 18 5 
1 5 14 
2 7 12 2 326 
1 22 14 
1 18 15 
3 17 12 
1 27 1 
3 20 22 
1 30 11 
3 23 29 
1 14 25 
1 16 29 
3 28 43 
3 32 47 
1 8 20 
3 32 48 
1 28 9 
2 16 17 0 1 
1 4 12 
3 37 54 
2 24 1 2 422 
2 14 17 2 312 
2 15 2 0 1 
1 1 29 
3 42 54 
3 46 60
12
0 10
2 4 1 1 10
2 5 1 1 10
2 6 1 1 10
1 5 2
1 5 5
1 5 8
3 1 24
3 3 0
1 5 5
3 4 8
3 100 0
21
0 261
1 256 223
1 179 80
1 152 38
2 180 209 2 36
2 34 153 0 1
2 0 226 0 1
2 215 47 2 27
1 80 160
1 32 115
2 101 85 1 96
1 4 12
1 74 115
2 3 162 2 159
2 12 129 1 44
2 223 227 2 10
1 78 204
2 167 130 1 60
1 133 251
1 161 216
3 0 10